(38,100,100)
(87,100,100)
(128,100,100)
(169,100,100)
(211,100,100)
(251,100,100)
(292,100,100)
(332,100,100)
(373,100,100)
(413,100,100)
(453,100,100)
(494,100,100)
(534,100,100)
(574,100,100)
(615,100,100)
(655,100,100)
(695,100,100)
(736,100,100)
(776,100,100)
(817,100,100)
(857,100,100)
(897,100,100)
(938,100,100)
(978,100,100)
(1019,100,100)
(1059,100,100)
(1099,100,100)
(1140,100,100)
(1180,100,100)
(1220,100,100)
(1261,100,100)
(1301,100,100)
(1341,100,100)
(1382,100,100)
(1422,100,100)
(1463,100,100)
(1503,100,100)
(1544,100,100)
(1585,100,100)
(1625,100,100)
(1665,100,100)
(1706,100,100)
(1746,100,100)
(1787,100,100)
(1827,100,100)
(1867,100,100)
(1908,100,100)
(1948,100,100)
(1988,100,100)
(2029,100,100)
(2069,100,100)
(2109,100,100)
(2150,100,100)
(2191,100,100)
(2231,100,100)
(2272,100,100)
(2312,100,100)
(2352,100,100)
(2393,100,100)
(2433,100,100)
(2473,100,100)
(2514,100,100)
(2554,100,100)
(2594,100,100)
(2635,100,100)
(2675,100,100)
(2715,100,100)
(2756,100,100)
(2796,100,100)
(2837,100,100)
(2877,100,100)
(2918,100,100)
(2958,100,100)
(2999,100,100)
(3040,100,100)
(3080,100,100)
(3120,100,100)
(3161,100,100)
(3201,100,100)
(3242,100,100)
(3282,100,100)
(3322,100,100)
(3363,100,100)
(3403,100,100)
(3443,100,100)
(3484,100,100)
(3524,100,100)
(3564,100,100)
(3604,100,100)
(3645,100,100)
(3685,100,100)
(3725,100,100)
(3766,100,100)
(3806,100,100)
(3846,100,100)
(3887,100,100)
(3927,100,100)
(3967,100,100)
(4008,100,100)
(4048,100,100)
(4088,100,100)
(4129,100,100)
(4169,100,100)
(4209,100,100)
(4250,100,100)
(4290,100,100)
(4330,100,100)
(4371,100,100)
(4411,100,100)
(4451,100,100)
(4492,100,100)
(4532,100,100)
(4572,100,100)
(4612,100,100)
(4653,100,100)
(4693,100,100)
(4733,100,100)
(4774,100,100)
(4814,100,100)
(4854,100,100)
(4894,100,100)
(4935,100,100)
(4976,100,100)
(5016,100,100)
(5057,100,100)
(5097,100,100)
(5137,100,100)
(5177,100,100)
(5218,100,100)
(5258,100,100)
(5298,100,100)
(5339,100,100)
(5379,100,100)
(5420,100,100)
(5460,100,100)
(5500,100,100)
(5540,100,100)
(5581,100,100)
(5621,100,100)
(5662,100,100)
(5702,100,100)
(5743,100,100)
(5783,100,100)
(5823,100,100)
(5864,100,100)
(5904,100,100)
(5944,100,100)
(5984,100,100)
(6025,100,100)
(6065,100,100)
(6105,100,100)
(6146,100,100)
(6187,100,100)
(6227,100,100)
(6267,100,100)
(6307,100,100)
(6348,100,100)
(6388,100,100)
(6428,100,100)
(6469,100,100)
(6509,100,100)
(6550,100,100)
(6590,100,100)
(6630,100,100)
(6670,100,100)
(6711,100,100)
(6751,100,100)
(6791,100,100)
(6831,100,100)
(6872,100,100)
(6912,100,100)
(6952,100,100)
(6992,100,100)
(7033,100,100)
(7073,100,100)
(7113,100,100)
(7153,100,100)
(7194,100,100)
(7234,100,100)
(7274,100,100)
(7314,100,100)
(7355,100,100)
(7395,100,100)
(7435,100,100)
(7475,100,100)
(7516,100,100)
(7556,100,100)
(7596,100,100)
(7637,100,100)
(7677,100,100)
(7717,100,100)
(7757,100,100)
(7798,100,100)
(7838,100,100)
(7878,100,100)
(7918,100,100)
(7959,100,100)
(7999,100,100)
(8039,100,100)
(8079,100,100)
(8120,100,100)
(8160,100,100)
(8200,100,100)
(8240,100,100)
(8281,100,100)
(8321,100,100)
(8361,100,100)
(8401,100,100)
(8442,100,100)
(8482,100,100)
(8522,100,100)
(8563,100,100)
(8603,100,100)
(8644,100,100)
(8684,100,100)
(8724,100,100)
(8765,100,100)
(8805,100,100)
(8845,100,100)
(8885,100,100)
(8926,100,100)
(8966,100,100)
(9006,100,100)
(9046,100,100)
(9087,100,100)
(9127,100,100)
(9167,100,100)
(9208,100,100)
(9248,100,100)
(9289,100,100)
(9329,100,100)
(9369,100,100)
(9409,100,100)
(9450,100,100)
(9490,100,100)
(9530,100,100)
(9570,100,100)
(9611,100,100)
(9651,100,100)
(9691,100,100)
(9732,100,100)
(9772,100,100)
(9813,100,100)
(9853,100,100)
(9893,100,100)
(9933,100,100)
(9974,100,100)
(10015,100,100)
(10055,100,100)
(10095,100,100)
(10135,100,100)
(10175,100,100)
(10216,100,100)
(10256,100,100)
(10296,100,100)
(10337,100,100)
(10377,100,100)
(10417,100,100)
(10458,100,100)
(10498,100,100)
(10538,100,100)
(10578,100,100)
(10619,100,100)
(10659,100,100)
(10700,100,100)
(10740,100,100)
(10781,100,100)
(10822,100,100)
(10862,100,100)
(10902,100,100)
(10942,100,100)
(10983,100,100)
(11023,100,100)
(11063,100,100)
(11103,100,100)
(11143,100,100)
(11184,100,100)
(11224,100,100)
(11264,100,100)
(11305,100,100)
(11345,100,100)
(11385,100,100)
(11427,100,100)
(11467,100,100)
(11507,100,100)
(11548,100,100)
(11588,100,100)
(11628,100,100)
(11669,100,100)
(11709,100,100)
(11749,100,100)
(11789,100,100)
(11830,100,100)
(11870,100,100)
(11910,100,100)
(11951,100,100)
(11991,100,100)
(12031,100,100)
(12071,100,100)
(12112,100,100)
(12152,100,100)
(12192,100,100)
(12232,100,100)
(12273,100,100)
(12313,100,100)
(12353,100,100)
(12393,100,100)
(12434,100,100)
(12474,100,100)
(12514,100,100)
(12554,100,100)
(12594,100,100)
(12635,100,100)
(12675,100,100)
(12715,100,100)
(12756,100,100)
(12796,100,100)
(12837,100,100)
(12877,100,100)
(12917,100,100)
(12957,100,100)
(12998,100,100)
(13038,100,100)
(13078,100,100)
(13118,100,100)
(13159,100,100)
(13199,100,100)
(13239,100,100)
(13279,100,100)
(13320,100,100)
(13360,100,100)
(13400,100,100)
(13441,100,100)
(13481,100,100)
(13521,100,100)
(13561,100,100)
(13601,100,100)
(13642,100,100)
(13682,100,100)
(13723,100,100)
(13763,100,100)
(13803,100,100)
(13844,100,100)
(13884,100,100)
(13924,100,100)
(13964,100,100)
(14005,100,100)
(14045,100,100)
(14085,100,100)
(14125,100,100)
(14165,100,100)
(14206,100,100)
(14246,100,100)
(14287,100,100)
(14327,100,100)
(14368,100,100)
(14408,100,100)
(14448,100,100)
(14488,100,100)
(14529,100,100)
(14570,100,100)
(14610,100,100)
(14650,100,100)
(14690,100,100)
(14731,100,100)
(14771,100,100)
(14811,100,100)
(14851,100,100)
(14892,100,100)
(14932,100,100)
(14973,100,100)
(15013,100,100)
(15053,100,100)
(15093,100,100)
(15134,100,100)
(15174,100,100)
(15214,100,100)
(15254,100,100)
(15295,100,100)
(15335,100,100)
(15375,100,100)
(15415,100,100)
(15456,100,100)
(15496,100,100)
(15536,100,100)
(15577,100,100)
(15617,100,100)
(15657,100,100)
(15697,100,100)
(15738,100,100)
(15778,100,100)
(15818,100,100)
(15858,100,100)
(15899,100,100)
(15939,100,100)
(15979,100,100)
(16019,100,100)
(16060,100,100)
(16100,100,100)
(16140,100,100)
(16180,100,100)
(16221,100,100)
(16261,100,100)
(16301,100,100)
(16341,100,100)
(16382,100,100)
(16422,100,100)
(16463,100,100)
(16503,100,100)
(16543,100,100)
(16584,100,100)
(16624,100,100)
(16664,100,100)
(16704,100,100)
(16744,100,100)
(16785,100,100)
(16825,100,100)
(16865,100,100)
(16906,100,100)
(16946,100,100)
(16987,100,100)
(17027,100,100)
(17067,100,100)
(17108,100,100)
(17148,100,100)
(17188,100,100)
(17228,100,100)
(17269,100,100)
(17309,100,100)
(17349,100,100)
(17390,100,100)
(17430,100,100)
(17470,100,100)
(17511,100,100)
(17551,100,100)
(17591,100,100)
(17632,100,100)
(17672,100,100)
(17712,100,100)
(17752,100,100)
(17793,100,100)
(17833,100,100)
(17873,100,100)
(17913,100,100)
(17954,100,100)
(17994,100,100)
(18035,100,100)
(18075,100,100)
(18115,100,100)
(18155,100,100)
(18196,100,100)
(18236,100,100)
(18276,100,100)
(18316,100,100)
(18357,100,100)
(18398,100,100)
(18438,100,100)
(18478,100,100)
(18518,100,100)
(18559,100,100)
(18599,100,100)
(18639,100,100)
(18679,100,100)
(18720,100,100)
(18760,100,100)
(18800,100,100)
(18840,100,100)
(18881,100,100)
(18922,100,100)
(18962,100,100)
(19002,100,100)
(19042,100,100)
(19083,100,100)
(19123,100,100)
(19163,100,100)
(19204,100,100)
(19244,100,100)
(19284,100,100)
(19325,100,100)
(19366,100,100)
(19406,100,100)
(19446,100,100)
(19486,100,100)
(19527,100,100)
(19568,100,100)
(19608,100,100)
(19648,100,100)
(19688,100,100)
(19729,100,100)
(19769,100,100)
(19809,100,100)
(19849,100,100)
(19890,100,100)
(19931,100,100)
(19971,100,100)
(20011,100,100)
(20051,100,100)
(20092,100,100)
(20132,100,100)
(20172,100,100)
(20212,100,100)
(20253,100,100)
(20293,100,100)
(20333,100,100)
(20373,100,100)
(20414,100,100)
(20454,100,100)
(20494,100,100)
(20534,100,100)
(20574,100,100)
(20615,100,100)
(20655,100,100)
(20695,100,100)
(20735,100,100)
(20776,100,100)
(20816,100,100)
(20856,100,100)
(20897,100,100)
(20937,100,100)
(20977,100,100)
(21017,100,100)
(21057,100,100)
(21098,100,100)
(21138,100,100)
(21178,100,100)
(21218,100,100)
(21259,100,100)
(21299,100,100)
(21339,100,100)
(21380,100,100)
(21420,100,100)
(21460,100,100)
(21500,100,100)
(21540,100,100)
(21581,100,100)
(21621,100,100)
(21661,100,100)
(21701,100,100)
(21742,100,100)
(21782,100,100)
(21822,100,100)
(21862,100,100)
(21903,100,100)
(21943,100,100)
(21983,100,100)
(22024,100,100)
(22064,100,100)
(22104,100,100)
(22145,100,100)
(22186,100,100)
(22226,100,100)
(22266,100,100)
(22306,100,100)
(22347,100,100)
(22387,100,100)
(22427,100,100)
(22467,100,100)
(22508,100,100)
(22548,100,100)
(22588,100,100)
(22628,100,100)
(22669,100,100)
(22709,100,100)
(22749,100,100)
(22790,100,100)
(22830,100,100)
(22870,100,100)
(22910,100,100)
(22950,100,100)
(22991,100,100)
(23032,100,100)
(23072,100,100)
(23113,100,100)
(23153,100,100)
(23194,100,100)
(23234,100,100)
(23274,100,100)
(23314,100,100)
(23355,100,100)
(23395,100,100)
(23435,100,100)
(23476,100,100)
(23516,100,100)
(23557,100,100)
(23597,100,100)
(23638,100,100)
(23678,100,100)
(23718,100,100)
(23759,100,100)
(23799,100,100)
(23840,100,100)
(23880,100,100)
(23920,100,100)
(23960,100,100)
(24001,100,100)
(24041,100,100)
(24081,100,100)
(24122,100,100)
(24162,100,100)
(24203,100,100)
(24243,100,100)
(24283,100,100)
(24323,100,100)
(24363,100,100)
(24404,100,100)
(24444,100,100)
(24484,100,100)
(24524,100,100)
(24565,100,100)
(24605,100,100)
(24645,100,100)
(24686,100,100)
(24726,100,100)
(24767,100,100)
(24807,100,100)
(24847,100,100)
(24888,100,100)
(24928,100,100)
(24969,100,100)
(25009,100,100)
(25049,100,100)
(25090,100,100)
(25130,100,100)
(25170,100,100)
(25210,100,100)
(25251,100,100)
(25291,100,100)
(25331,100,100)
(25371,100,100)
(25412,100,100)
(25452,100,100)
(25493,100,100)
(25533,100,100)
(25573,100,100)
(25613,100,100)
(25654,100,100)
(25694,100,100)
(25734,100,100)
(25774,100,100)
(25815,100,100)
(25856,100,100)
(25897,100,100)
(25937,100,100)
(25978,100,100)
(26018,100,100)
(26059,100,100)
(26099,100,100)
(26139,100,100)
(26180,100,100)
(26221,100,100)
(26261,100,100)
(26301,100,100)
(26341,100,100)
(26382,100,100)
(26422,100,100)
(26462,100,100)
(26502,100,100)
(26542,100,100)
(26583,100,100)
(26623,100,100)
(26663,100,100)
(26704,100,100)
(26744,100,100)
(26785,100,100)
(26825,100,100)
(26865,100,100)
(26905,100,100)
(26946,100,100)
(26986,100,100)
(27027,100,100)
(27067,100,100)
(27107,100,100)
(27148,100,100)
(27189,100,100)
(27229,100,100)
(27269,100,100)
(27309,100,100)
(27350,100,100)
(27390,100,100)
(27430,100,100)
(27471,100,100)
(27511,100,100)
(27551,100,100)
(27591,100,100)
(27631,100,100)
(27672,100,100)
(27713,100,100)
(27753,100,100)
(27793,100,100)
(27833,100,100)
(27874,100,100)
(27914,100,100)
(27954,100,100)
(27994,100,100)
(28035,100,100)
(28075,100,100)
(28115,100,100)
(28155,100,100)
(28195,100,100)
(28236,100,100)
(28276,100,100)
(28316,100,100)
(28357,100,100)
(28397,100,100)
(28437,100,100)
(28477,100,100)
(28518,100,100)
(28558,100,100)
(28598,100,100)
(28638,100,100)
(28679,100,100)
(28719,100,100)
(28759,100,100)
(28799,100,100)
(28840,100,100)
(28880,100,100)
(28920,100,100)
(28960,100,100)
(29001,100,100)
(29041,100,100)
(29081,100,100)
(29121,100,100)
(29162,100,100)
(29202,100,100)
(29242,100,100)
(29283,100,100)
(29323,100,100)
(29363,100,100)
(29404,100,100)
(29444,100,100)
(29484,100,100)
(29524,100,100)
(29565,100,100)
(29605,100,100)
(29645,100,100)
(29685,100,100)
(29726,100,100)
(29766,100,100)
(29806,100,100)
(29846,100,100)
(29887,100,100)
(29927,100,100)
(29967,100,100)
(30008,100,100)
(30048,100,100)
(30088,100,100)
(30128,100,100)
(30169,100,100)
(30209,100,100)
(30249,100,100)
(30289,100,100)
(30330,100,100)
(30370,100,100)
(30410,100,100)
(30450,100,100)
(30491,100,100)
(30531,100,100)
(30571,100,100)
(30611,100,100)
(30651,100,100)
(30692,100,100)
(30732,100,100)
(30772,100,100)
(30812,100,100)
(30853,100,100)
(30893,100,100)
(30933,100,100)
(30973,100,100)
(31014,100,100)
(31054,100,100)
(31094,100,100)
(31134,100,100)
(31174,100,100)
(31215,100,100)
(31255,100,100)
(31295,100,100)
(31335,100,100)
(31376,100,100)
(31416,100,100)
(31456,100,100)
(31497,100,100)
(31537,100,100)
(31577,100,100)
(31617,100,100)
(31658,100,100)
(31698,100,100)
(31738,100,100)
(31778,100,100)
(31819,100,100)
(31859,100,100)
(31899,100,100)
(31939,100,100)
(31980,100,100)
(32020,100,100)
(32060,100,100)
(32100,100,100)
(32141,100,100)
(32181,100,100)
(32221,100,100)
(32261,100,100)
(32302,100,100)
(32342,100,100)
(32382,100,100)
(32422,100,100)
(32463,100,100)
(32503,100,100)
(32543,100,100)
(32583,100,100)
(32624,100,100)
(32664,100,100)
(32704,100,100)
(32744,100,100)
(32784,100,100)
(32825,100,100)
(32865,100,100)
(32905,100,100)
(32945,100,100)
(32985,100,100)
(33027,100,100)
(33067,100,100)
(33107,100,100)
(33147,100,100)
(33188,100,100)
(33228,100,100)
(33268,100,100)
(33308,100,100)
(33349,100,100)
(33390,100,100)
(33430,100,100)
(33470,100,100)
(33511,100,100)
(33551,100,100)
(33591,100,100)
(33631,100,100)
(33672,100,100)
(33712,100,100)
(33752,100,100)
(33792,100,100)
(33833,100,100)
(33873,100,100)
(33913,100,100)
(33953,100,100)
(33994,100,100)
(34034,100,100)
(34074,100,100)
(34114,100,100)
(34154,100,100)
(34195,100,100)
(34235,100,100)
(34275,100,100)
(34315,100,100)
(34356,100,100)
(34396,100,100)
(34437,100,100)
(34477,100,100)
(34518,100,100)
(34558,100,100)
(34598,100,100)
(34638,100,100)
(34679,100,100)
(34719,100,100)
(34759,100,100)
(34799,100,100)
(34841,100,100)
(34881,100,100)
(34921,100,100)
(34962,100,100)
(35002,100,100)
(35042,100,100)
(35082,100,100)
(35123,100,100)
(35163,100,100)
(35203,100,100)
(35243,100,100)
(35283,100,100)
(35324,100,100)
(35364,100,100)
(35405,100,100)
(35445,100,100)
(35485,100,100)
(35526,100,100)
(35566,100,100)
(35606,100,100)
(35646,100,100)
(35687,100,100)
(35727,100,100)
(35767,100,100)
(35807,100,100)
(35848,100,100)
(35888,100,100)
(35928,100,100)
(35968,100,100)
(36009,100,100)
(36049,100,100)
(36089,100,100)
(36129,100,100)
(36170,100,100)
(36210,100,100)
(36250,100,100)
(36290,100,100)
(36331,100,100)
(36371,100,100)
(36411,100,100)
(36451,100,100)
(36492,100,100)
(36532,100,100)
(36572,100,100)
(36612,100,100)
(36652,100,100)
(36693,100,100)
(36733,100,100)
(36773,100,100)
(36813,100,100)
(36854,100,100)
(36894,100,100)
(36934,100,100)
(36974,100,100)
(37014,100,100)
(37055,100,100)
(37095,100,100)
(37136,100,100)
(37176,100,100)
(37216,100,100)
(37257,100,100)
(37297,100,100)
(37338,100,100)
(37378,100,100)
(37418,100,100)
(37458,100,100)
(37499,100,100)
(37539,100,100)
(37579,100,100)
(37619,100,100)
(37660,100,100)
(37700,100,100)
(37741,100,100)
(37781,100,100)
(37821,100,100)
(37862,100,100)
(37902,100,100)
(37942,100,100)
(37982,100,100)
(38022,100,100)
(38063,100,100)
(38103,100,100)
(38143,100,100)
(38183,100,100)
(38223,100,100)
(38264,100,100)
(38304,100,100)
(38345,100,100)
(38385,100,100)
(38425,100,100)
(38466,100,100)
(38506,100,100)
(38546,100,100)
(38586,100,100)
(38627,100,100)
(38667,100,100)
(38707,100,100)
(38747,100,100)
(38788,100,100)
(38828,100,100)
(38868,100,100)
(38908,100,100)
(38949,100,100)
(38989,100,100)
(39029,100,100)
(39070,100,100)
(39110,100,100)
(39150,100,100)
(39190,100,100)
(39230,100,100)
(39271,100,100)
(39311,100,100)
(39352,100,100)
(39392,100,100)
(39432,100,100)
(39473,100,100)
(39513,100,100)
(39553,100,100)
(39593,100,100)
(39634,100,100)
(39674,100,100)
(39714,100,100)
(39754,100,100)
(39794,100,100)
(39835,100,100)
(39875,100,100)
(39915,100,100)
(39956,100,100)
(39996,100,100)
(40036,100,100)
(40077,100,100)
(40117,100,100)
(40157,100,100)
(40198,100,100)
(40238,100,100)
(40278,100,100)
(40318,100,100)
(40359,100,100)
(40399,100,100)
(40439,100,100)
(40479,100,100)
(40520,100,100)
(40560,100,100)
(40600,100,100)
(40640,100,100)
(40681,100,100)
(40721,100,100)
(40761,100,100)
(40801,100,100)
(40841,100,100)
(40882,100,100)
(40922,100,100)
(40962,100,100)
(41002,100,100)
(41042,100,100)
(41083,100,100)
(41123,100,100)
(41163,100,100)
(41203,100,100)
(41244,100,100)
(41284,100,100)
(41324,100,100)
(41364,100,100)
(41404,100,100)
(41445,100,100)
(41485,100,100)
(41525,100,100)
(41565,100,100)
(41606,100,100)
(41646,100,100)
(41686,100,100)
(41726,100,100)
(41767,100,100)
(41807,100,100)
(41847,100,100)
(41887,100,100)
(41928,100,100)
(41968,100,100)
(42008,100,100)
(42048,100,100)
(42089,100,100)
(42129,100,100)
(42169,100,100)
(42209,100,100)
(42250,100,100)
(42290,100,100)
(42330,100,100)
(42370,100,100)
(42411,100,100)
(42451,100,100)
(42491,100,100)
(42531,100,100)
(42571,100,100)
(42612,100,100)
(42652,100,100)
(42692,100,100)
(42732,100,100)
(42773,100,100)
(42813,100,100)
(42853,100,100)
(42893,100,100)
(42933,100,100)
(42974,100,100)
(43015,100,100)
(43055,100,100)
(43095,100,100)
(43135,100,100)
(43176,100,100)
(43216,100,100)
(43256,100,100)
(43296,100,100)
(43339,100,100)
(43380,100,100)
(43420,100,100)
(43460,100,100)
(43500,100,100)
(43541,100,100)
(43582,100,100)
(43622,100,100)
(43663,100,100)
(43703,100,100)
(43743,100,100)
(43783,100,100)
(43824,100,100)
(43864,100,100)
(43904,100,100)
(43944,100,100)
(43984,100,100)
(44025,100,100)
(44065,100,100)
(44105,100,100)
(44145,100,100)
(44186,100,100)
(44226,100,100)
(44266,100,100)
(44306,100,100)
(44347,100,100)
(44387,100,100)
(44427,100,100)
(44467,100,100)
(44508,100,100)
(44548,100,100)
(44588,100,100)
(44628,100,100)
(44669,100,100)
(44709,100,100)
(44749,100,100)
(44789,100,100)
(44829,100,100)
(44870,100,100)
(44910,100,100)
(44950,100,100)
(44991,100,100)
(45031,100,100)
(45071,100,100)
(45111,100,100)
(45151,100,100)
(45192,100,100)
(45232,100,100)
(45272,100,100)
(45312,100,100)
(45353,100,100)
(45393,100,100)
(45433,100,100)
(45473,100,100)
(45513,100,100)
(45554,100,100)
(45594,100,100)
(45634,100,100)
(45674,100,100)
(45714,100,100)
(45755,100,100)
(45801,100,100)
(45841,100,100)
(45882,100,100)
(45922,100,100)
(45962,100,100)
(46002,100,100)
(46043,100,100)
(46083,100,100)
(46123,100,100)
(46163,100,100)
(46203,100,100)
(46244,100,100)
(46284,100,100)
(46324,100,100)
(46364,100,100)
(46404,100,100)
(46445,100,100)
(46485,100,100)
(46525,100,100)
(46565,100,100)
(46605,100,100)
(46647,100,100)
(46687,100,100)
(46727,100,100)
(46769,100,100)
(46809,100,100)
(46850,100,100)
(46890,100,100)
(46930,100,100)
(46971,100,100)
(47011,100,100)
(47051,100,100)
(47091,100,100)
(47131,100,100)
(47171,100,100)
(47212,100,100)
(47252,100,100)
(47292,100,100)
(47332,100,100)
(47373,100,100)
(47414,100,100)
(47454,100,100)
(47494,100,100)
(47534,100,100)
(47574,100,100)
(47614,100,100)
(47655,100,100)
(47695,100,100)
(47735,100,100)
(47775,100,100)
(47815,100,100)
(47856,100,100)
(47896,100,100)
(47936,100,100)
(47976,100,100)
(48016,100,100)
(48057,100,100)
(48097,100,100)
(48137,100,100)
(48177,100,100)
(48218,100,100)
(48258,100,100)
(48298,100,100)
(48338,100,100)
(48378,100,100)
(48419,100,100)
(48459,100,100)
(48499,100,100)
(48539,100,100)
(48580,100,100)
(48620,100,100)
(48660,100,100)
(48701,100,100)
(48741,100,100)
(48781,100,100)
(48822,100,100)
(48862,100,100)
